0 : 5
3 : 6
3 47 : 2
3 86 : 2
4 : 2
5 : 3
6 : 4
6 55 : 2
6 55 78 : 2
6 78 : 2
7 : 5
7 85 : 2
8 : 5
8 38 : 4
11 : 8
11 18 : 2
11 18 81 : 2
11 63 : 3
11 81 : 2
12 : 3
12 87 : 2
13 : 2
14 : 3
17 : 6
17 36 : 3
17 38 : 4
17 38 43 : 2
17 43 : 2
17 61 : 2
17 83 : 2
18 : 4
18 81 : 2
21 : 4
21 83 : 3
23 : 2
25 : 2
26 : 3
28 : 3
29 : 2
33 : 4
33 83 : 2
35 : 3
36 : 7
36 38 : 3
36 38 63 : 3
36 61 : 2
36 63 : 4
38 : 11
38 40 : 2
38 43 : 3
38 43 61 : 2
38 43 63 : 2
38 52 : 2
38 52 61 : 2
38 60 : 2
38 61 : 3
38 61 63 : 2
38 62 : 2
38 63 : 4
38 69 : 2
38 74 : 2
38 93 : 2
39 : 3
40 : 6
42 : 4
43 : 7
43 45 : 2
43 48 : 2
43 48 83 : 2
43 61 : 2
43 63 : 2
43 69 : 2
43 83 : 2
45 : 3
47 : 4
48 : 4
48 83 : 2
50 : 2
51 : 2
52 : 4
52 61 : 2
55 : 2
55 78 : 2
57 : 2
60 : 2
61 : 7
61 62 : 2
61 63 : 2
62 : 6
62 63 : 2
63 : 12
63 83 : 2
67 : 2
69 : 7
71 : 4
71 87 : 2
72 : 3
72 96 : 2
73 : 3
74 : 5
74 93 : 2
78 : 4
78 83 : 2
80 : 4
81 : 4
83 : 9
85 : 6
86 : 3
87 : 5
89 : 3
93 : 5
96 : 2
