3 : 2
7 : 3
7 733 : 2
8 : 3
9 : 2
11 : 5
11 250 : 2
11 250 373 : 2
11 250 373 901 : 2
11 250 373 901 960 : 2
11 250 373 960 : 2
11 250 901 : 2
11 250 901 960 : 2
11 250 960 : 2
11 373 : 2
11 373 901 : 2
11 373 901 960 : 2
11 373 960 : 2
11 901 : 2
11 901 960 : 2
11 960 : 2
14 : 4
15 : 3
17 : 6
17 193 : 2
18 : 3
20 : 3
21 : 3
23 : 2
25 : 2
26 : 2
27 : 2
28 : 2
29 : 4
33 : 5
36 : 7
38 : 9
38 416 : 2
39 : 8
39 169 : 2
39 169 287 : 2
39 169 287 593 : 2
39 169 287 593 778 : 2
39 169 287 778 : 2
39 169 593 : 2
39 169 593 778 : 2
39 169 778 : 2
39 287 : 2
39 287 593 : 2
39 287 593 778 : 2
39 287 778 : 2
39 593 : 2
39 593 778 : 2
39 778 : 2
40 : 2
42 : 2
43 : 7
45 : 2
47 : 9
47 148 : 2
47 544 : 2
48 : 5
50 : 2
51 : 5
52 : 3
53 : 2
55 : 2
56 : 3
56 729 : 2
59 : 2
60 : 7
60 85 : 2
60 85 371 : 2
60 85 371 387 : 2
60 85 371 387 456 : 2
60 85 371 456 : 2
60 85 387 : 2
60 85 387 456 : 2
60 85 456 : 2
60 371 : 2
60 371 387 : 2
60 371 387 456 : 2
60 371 456 : 2
60 387 : 2
60 387 456 : 2
60 456 : 2
61 : 3
62 : 5
63 : 10
63 146 : 2
63 527 : 2
66 : 2
67 : 4
67 69 : 2
67 140 : 2
68 : 3
69 : 6
70 : 2
70 946 : 2
71 : 3
73 : 4
74 : 2
78 : 3
80 : 2
81 : 3
83 : 2
85 : 3
85 371 : 2
85 371 387 : 2
85 371 387 456 : 2
85 371 456 : 2
85 387 : 2
85 387 456 : 2
85 456 : 2
86 : 2
87 : 7
93 : 4
95 : 3
100 : 3
106 : 2
107 : 2
108 : 3
109 : 2
111 : 3
112 : 3
116 : 2
117 : 7
117 988 : 2
118 : 5
119 : 8
119 764 : 2
119 764 782 : 2
119 782 : 2
123 : 7
124 : 18
124 131 : 2
124 131 425 : 2
124 131 425 676 : 2
124 131 425 676 992 : 2
124 131 425 992 : 2
124 131 676 : 2
124 131 676 992 : 2
124 131 992 : 2
124 240 : 2
124 240 416 : 2
124 291 : 2
124 291 306 : 2
124 291 306 628 : 2
124 291 306 628 734 : 2
124 291 306 628 734 938 : 2
124 291 306 628 938 : 2
124 291 306 734 : 2
124 291 306 734 938 : 2
124 291 306 938 : 2
124 291 628 : 2
124 291 628 734 : 2
124 291 628 734 938 : 2
124 291 628 938 : 2
124 291 734 : 2
124 291 734 938 : 2
124 291 938 : 2
124 306 : 2
124 306 628 : 2
124 306 628 734 : 2
124 306 628 734 938 : 2
124 306 628 938 : 2
124 306 734 : 2
124 306 734 938 : 2
124 306 938 : 2
124 416 : 3
124 425 : 2
124 425 676 : 2
124 425 676 992 : 2
124 425 992 : 2
124 601 : 2
124 628 : 2
124 628 734 : 2
124 628 734 938 : 2
124 628 938 : 2
124 676 : 2
124 676 992 : 2
124 734 : 2
124 734 938 : 2
124 938 : 2
124 992 : 2
127 : 6
129 : 2
131 : 3
131 425 : 2
131 425 676 : 2
131 425 676 992 : 2
131 425 992 : 2
131 676 : 2
131 676 992 : 2
131 992 : 2
132 : 10
132 988 : 2
137 : 5
138 : 3
139 : 2
140 : 4
142 : 3
144 : 4
145 : 2
146 : 8
146 316 : 2
146 316 486 : 2
146 316 486 507 : 2
146 316 507 : 2
146 486 : 2
146 486 507 : 2
146 507 : 2
147 : 4
148 : 5
148 446 : 2
150 : 4
151 : 2
154 : 4
154 416 : 2
155 : 6
155 299 : 2
157 : 2
159 : 2
167 : 5
167 477 : 2
167 477 733 : 2
167 733 : 3
168 : 3
169 : 3
169 287 : 2
169 287 593 : 2
169 287 593 778 : 2
169 287 778 : 2
169 593 : 2
169 593 778 : 2
169 778 : 2
170 : 3
172 : 2
173 : 5
178 : 3
179 : 7
182 : 4
182 281 : 2
188 : 5
188 447 : 2
190 : 2
191 : 3
192 : 2
193 : 4
194 : 2
197 : 2
198 : 4
201 : 4
204 : 2
205 : 3
205 827 : 2
209 : 10
209 320 : 2
209 320 463 : 2
209 320 463 711 : 2
209 320 711 : 2
209 463 : 3
209 463 711 : 2
209 711 : 2
213 : 4
214 : 6
217 : 6
219 : 3
220 : 3
221 : 11
222 : 7
222 761 : 2
226 : 2
227 : 2
229 : 3
233 : 5
234 : 2
235 : 3
238 : 10
238 282 : 3
238 282 368 : 2
238 282 368 673 : 2
238 282 673 : 2
238 368 : 3
238 368 673 : 2
238 673 : 2
240 : 4
240 416 : 2
241 : 4
242 : 2
246 : 6
246 545 : 2
247 : 5
248 : 2
250 : 2
250 373 : 2
250 373 901 : 2
250 373 901 960 : 2
250 373 960 : 2
250 901 : 2
250 901 960 : 2
250 960 : 2
255 : 4
255 981 : 2
258 : 4
259 : 6
266 : 3
274 : 6
277 : 5
280 : 2
281 : 5
282 : 4
282 368 : 2
282 368 673 : 2
282 673 : 2
283 : 3
284 : 2
287 : 2
287 593 : 2
287 593 778 : 2
287 778 : 2
289 : 4
291 : 8
291 306 : 2
291 306 628 : 2
291 306 628 734 : 2
291 306 628 734 938 : 2
291 306 628 938 : 2
291 306 734 : 2
291 306 734 938 : 2
291 306 938 : 2
291 628 : 3
291 628 734 : 2
291 628 734 938 : 2
291 628 938 : 2
291 734 : 2
291 734 938 : 2
291 938 : 2
293 : 5
297 : 2
299 : 3
300 : 8
306 : 8
306 628 : 2
306 628 734 : 2
306 628 734 938 : 2
306 628 938 : 2
306 734 : 2
306 734 938 : 2
306 938 : 2
314 : 3
316 : 5
316 486 : 2
316 486 507 : 2
316 507 : 2
318 : 4
319 : 3
320 : 2
320 463 : 2
320 463 711 : 2
320 711 : 2
321 : 5
322 : 4
325 : 6
328 : 3
330 : 3
335 : 10
336 : 3
337 : 2
338 : 2
339 : 5
344 : 3
348 : 2
350 : 2
351 : 2
353 : 4
357 : 3
360 : 9
360 425 : 2
364 : 2
368 : 5
368 673 : 2
369 : 2
371 : 6
371 387 : 2
371 387 456 : 2
371 456 : 2
372 : 2
373 : 3
373 901 : 2
373 901 960 : 2
373 960 : 2
374 : 4
374 571 : 2
377 : 2
378 : 2
387 : 6
387 456 : 2
388 : 3
395 : 5
395 404 : 2
397 : 5
397 871 : 2
398 : 3
399 : 5
402 : 3
403 : 3
404 : 2
405 : 4
409 : 3
410 : 3
412 : 6
414 : 5
416 : 16
416 559 : 2
416 620 : 2
416 858 : 2
418 : 2
420 : 2
423 : 4
425 : 8
425 676 : 2
425 676 992 : 2
425 992 : 2
428 : 2
429 : 4
430 : 6
432 : 9
436 : 2
437 : 6
438 : 2
439 : 5
439 442 : 2
441 : 2
442 : 8
443 : 3
444 : 9
444 628 : 2
444 740 : 2
444 909 : 2
446 : 4
447 : 5
447 456 : 3
447 456 692 : 3
447 456 692 934 : 3
447 456 692 934 994 : 2
447 456 692 994 : 2
447 456 934 : 3
447 456 934 994 : 2
447 456 994 : 2
447 692 : 3
447 692 934 : 3
447 692 934 994 : 2
447 692 994 : 2
447 934 : 3
447 934 994 : 2
447 994 : 2
456 : 8
456 692 : 3
456 692 934 : 3
456 692 934 994 : 2
456 692 994 : 2
456 934 : 3
456 934 994 : 2
456 994 : 2
459 : 5
461 : 2
463 : 6
463 711 : 2
471 : 4
472 : 4
473 : 2
477 : 6
477 733 : 3
480 : 7
486 : 7
486 507 : 2
487 : 3
490 : 4
491 : 3
491 925 : 2
492 : 3
493 : 5
494 : 3
495 : 4
497 : 2
500 : 5
501 : 5
501 575 : 2
507 : 3
510 : 2
511 : 5
511 723 : 2
517 : 3
518 : 4
519 : 3
521 : 7
524 : 6
527 : 5
530 : 2
531 : 2
532 : 2
538 : 2
539 : 3
540 : 6
542 : 2
543 : 4
544 : 5
545 : 4
547 : 2
553 : 6
554 : 2
557 : 2
558 : 5
558 837 : 2
559 : 8
561 : 6
566 : 2
570 : 4
570 852 : 2
571 : 9
575 : 8
578 : 6
579 : 3
582 : 2
584 : 2
586 : 4
589 : 4
592 : 9
593 : 4
593 778 : 2
595 : 5
599 : 6
601 : 7
604 : 4
607 : 8
612 : 4
613 : 6
614 : 2
616 : 2
619 : 2
620 : 4
623 : 2
624 : 3
625 : 2
628 : 10
628 734 : 2
628 734 938 : 2
628 938 : 2
629 : 5
631 : 5
634 : 3
643 : 3
644 : 4
646 : 3
647 : 3
648 : 3
648 799 : 2
649 : 2
652 : 2
656 : 7
662 : 5
666 : 4
668 : 3
670 : 2
673 : 10
674 : 5
676 : 6
676 992 : 2
682 : 9
682 820 : 2
684 : 4
687 : 3
688 : 2
690 : 2
692 : 4
692 934 : 3
692 934 994 : 2
692 994 : 2
697 : 2
699 : 2
704 : 2
705 : 2
707 : 12
709 : 11
709 973 : 2
710 : 4
711 : 2
719 : 2
721 : 2
722 : 5
723 : 3
729 : 5
732 : 4
733 : 10
734 : 5
734 938 : 2
735 : 2
737 : 4
738 : 3
740 : 5
743 : 2
744 : 5
745 : 2
747 : 5
753 : 4
756 : 3
761 : 2
764 : 8
764 782 : 2
766 : 3
767 : 4
770 : 2
772 : 6
773 : 2
776 : 3
778 : 10
780 : 2
782 : 4
784 : 2
786 : 2
789 : 2
790 : 4
791 : 2
795 : 2
797 : 2
799 : 4
800 : 6
801 : 2
803 : 3
806 : 7
807 : 5
808 : 4
809 : 2
811 : 2
813 : 7
815 : 3
820 : 8
821 : 4
825 : 3
826 : 4
827 : 6
828 : 4
829 : 5
830 : 4
832 : 6
834 : 2
835 : 3
837 : 6
838 : 5
839 : 3
849 : 3
850 : 3
852 : 3
855 : 6
858 : 5
859 : 6
861 : 3
863 : 3
867 : 2
868 : 7
870 : 4
871 : 4
874 : 11
876 : 3
877 : 3
879 : 2
883 : 3
884 : 3
889 : 2
891 : 2
893 : 2
894 : 2
896 : 2
901 : 4
901 960 : 2
902 : 5
903 : 4
904 : 2
907 : 2
908 : 2
909 : 5
910 : 3
911 : 2
912 : 3
914 : 3
915 : 3
917 : 2
920 : 2
921 : 2
924 : 3
925 : 3
930 : 3
931 : 4
934 : 7
934 994 : 2
938 : 4
941 : 3
946 : 8
949 : 2
950 : 5
952 : 3
954 : 2
955 : 3
959 : 8
960 : 2
961 : 3
962 : 4
963 : 3
964 : 3
966 : 2
970 : 5
973 : 6
981 : 6
983 : 2
987 : 2
988 : 12
990 : 3
991 : 3
992 : 5
993 : 5
994 : 9
996 : 5
999 : 2
