         1          1          0
         1          1          6
         1          1          7
         1          1          8
         1          1          9
         2          2          4
         2          2          5
         2          2          6
         2          2          8
         3          3          0
         3          3          7
         4          4          4
         4          4          6
         4          4          7
         4          4          8
         5          5          7
         5          5          9
         6          6          0
         6          6          5
         6          6          8
         7          7          0
         7          7          7
         7          7          8
         8          8          0
         8          8          3
         8          8          4
         8          8          5
         8          8          8
         9          9          4
         9          9          9
        10         10          3
        10         10          8
        10         10          9
        11         11          4
        12         12          3
        12         12          5
        12         12          8