         1          1         42
         1          1        471
         1          1        553
         1          1        644
         1          1        790
         1          1        838
         2          2        325
         2          2        397
         2          2        510
         2          2        629
         2          2        656
         2          2        716
         2          2        772
         3          3         56
         3          3        521
         4          4        321
         4          4        350
         4          4        459
         4          4        524
         4          4        543
         4          4        578
         4          4        592
         4          4        599
         4          4        622
         5          5        543
         5          5        981
         6          6         46
         6          6        432
         6          6        819
         7          7         39
         7          7        547
         7          7        553
         7          7        794
         8          8         29
         8          8         38
         8          8        152
         8          8        336
         8          8        412
         8          8        429
         8          8        766
         9          9        306
         9          9        870
         9          9        894
         9          9        902
        10         10        108
        10         10        625
        10         10        964
        10         10        994
        11         11        304
        12         12        129
        12         12        437
        12         12        705
        13         13         62
        14         14        405
        14         14        420
        14         14        443
        14         14        561
        14         14        566
        14         14        813
        15         15        188
        15         15        214
        15         15        418
        15         15        447
        16         16         48
        16         16        137
        16         16        837
        16         16        858
        17         17         86
        17         17        374
        17         17        571
        17         17        684
        17         17        970
        18         18         63
        18         18        146
        18         18        325
        18         18        395
        18         18        444
        18         18        628
        19         19        840
        20         20         60
        20         20         85
        20         20        371
        20         20        387
        20         20        456
        21         21        764
        22         22         60
        22         22        360
        22         22        557
        22         22        592
        23         23          8
        23         23         50
        23         23        117
        23         23        877
        23         23        954
        24         24        624
        25         25        519
        26         26        432
        26         26        870
        27         27        959
        28         28         99
        28         28        102
        28         28        139
        28         28        194
        28         28        266
        28         28        462
        29         29          7
        29         29         35
        29         29        127
        29         29        172
        29         29        221
        29         29        607
        30         30        106
        30         30        351
        31         31        432
        31         31        599
        32         32        124
        32         32        989
        32         32        990
        33         33        155
        33         33        374
        33         33        806
        33         33        848
        33         33        850
        34         34        167
        34         34        497
        34         34        733
        35         35         39
        35         35        169
        35         35        287
        35         35        593
        35         35        778
        36         36        106
        36         36        123
        36         36        182
        36         36        601
        36         36        729
        36         36        847
        36         36        911
        37         37        107
        37         37        135
        38         38        167
        38         38        589
        38         38        673
        38         38        820
        39         39         25
        39         39        179
        39         39        601
        39         39        934
        40         40        374
        40         40        414
        40         40        571
        40         40        612
        41         41        123
        41         41        773
        42         42          3
        43         43        201
        43         43        558
        43         43        682
        43         43        803
        43         43        916
        44         44        668
        45         45         36
        45         45        416
        45         45        559
        45         45        719
        46         46         47
        46         46        148
        46         46        238
        46         46        278
        46         46        368
        46         46        446
        46         46        544
        46         46        584
        47         47         12
        47         47        471
        48         48         47
        48         48        855
        48         48        970
        49         49        772
        50         50        737
        51         51        447
        51         51        456
        51         51        692
        51         51        934
        52         52         21
        52         52         83
        52         52        255
        52         52        803
        52         52        981
        53         53        150
        53         53        371
        53         53        425
        53         53        966
        54         54        477
        54         54        773
        54         54        994
        55         55          7
        55         55        245
        55         55        644
        55         55        733
        55         55        946
        56         56        744
        57         57        732
        57         57        903
        57         57        991
        58         58        412
        58         58        813
        58         58        874
        59         59        119
        60         60         15
        60         60        283
        60         60        472
        60         60        776
        60         60        884
        61         61        682
        62         62        274
        62         62        835
        63         63        166
        63         63        473
        63         63        707
        64         64        182
        64         64        281
        64         64        442
        64         64        506
        64         64        682
        64         64        820
        64         64        845
        65         65        441
        65         65        456
        65         65        487
        65         65        756
        65         65        801
        65         65        832
        66         66        144
        66         66        280
        66         66        335
        66         66        582
        67         67        834
        67         67        923
        68         68        543
        68         68        778
        69         69         17
        69         69        335
        69         69        625
        69         69        874
        70         70        221
        70         70        416
        70         70        575
        70         70        595
        71         71         38
        71         71        310
        71         71        439
        71         71        583
        71         71        629
        71         71        789
        72         72        500
        72         72        613
        72         72        624
        72         72        859
        73         73         42
        73         73        532
        73         73        648
        74         74        240
        75         75         40
        75         75         95
        75         75        561
        75         75        647
        75         75        827
        76         76        127
        76         76        344
        76         76        537
        76         76        540
        77         77         38
        77         77        416
        77         77        559
        77         77        656
        77         77        858
        77         77        931
        78         78         52
        78         78        425
        79         79        173
        79         79        288
        79         79        620
        80         80        148
        80         80        615
        80         80        835
        80         80        950
        81         81        241
        82         82         51
        82         82         67
        82         82         69
        82         82        348
        83         83        300
        83         83        874
        83         83        988
        84         84        403
        84         84        438
        85         85         36
        85         85        277
        85         85        562
        86         86        185
        86         86        429
        86         86        601
        87         87        219
        87         87        255
        87         87        721
        88         88         18
        88         88        501
        88         88        575
        88         88        709
        88         88        806
        89         89          9
        89         89        100
        89         89        103
        89         89        242
        89         89        439
        89         89        829
        89         89        877
        90         90         38
        90         90        295
        90         90        325
        91         91        319
        91         91        628
        92         92         50
        92         92        281
        92         92        876
        93         93        127
        93         93        241
        93         93        277
        93         93        952
        94         94        456
        94         94        558
        94         94        786
        94         94        826
        95         95        220
        95         95        575
        96         96        444
        96         96        613
        96         96        830
        96         96        884
        96         96        990
        97         97        179
        97         97        519
        97         97        607
        97         97        925
        98         98        274
        98         98        592
        98         98        709
        98         98        807
        98         98        895
        99         99        118
        99         99        241
        99         99        259
        99         99        662
        99         99        946
        99         99        962
       100        100         61
       100        100        117
       100        100        173
       100        100        439
       100        100        520
       100        100        604
       100        100        737
       101        101        378
       101        101        500
       101        101        592
       101        101        913
       101        101        991
       102        102         14
       102        102        194
       103        103        259
       103        103        414
       103        103        766
       104        104         93
       104        104        472
       104        104        955
       105        105        147
       105        105        647
       105        105        835
       106        106        146
       106        106        246
       106        106        306
       106        106        732
       107        107        188
       107        107        274
       107        107        353
       107        107        397
       108        108        217
       108        108        826
       109        109        205
       109        109        284
       109        109        593
       110        110        344
       110        110        519
       111        111        297
       111        111        988
       112        112        123
       112        112        646
       112        112        656
       112        112        868
       113        113        300
       113        113        369
       113        113        722
       113        113        735
       113        113        776
       114        114        335
       114        114        531
       114        114        561
       114        114        599
       114        114        629
       114        114        994
       115        115         69
       115        115        893
       116        116        188
       116        116        447
       116        116        456
       116        116        692
       116        116        722
       116        116        934
       116        116        994
       117        117        124
       117        117        255
       117        117        530
       117        117        558
       117        117        719
       117        117        837
       117        117        855
       117        117        931
       117        117        981
       118        118        204
       118        118        432
       118        118        740
       119        119        209
       119        119        320
       119        119        463
       119        119        711
       120        120        492
       120        120        523
       120        120        631
       120        120        676
       121        121        325
       121        121        778
       121        121        790
       122        122        829
       122        122        832
       122        122        921
       123        123         14
       123        123        395
       123        123        666
       123        123        828
       123        123        867
       123        123        985
       124        124        348
       124        124        705
       124        124        724
       125        125        328
       125        125        517
       125        125        920
       126        126        648
       126        126        799
       127        127        179
       127        127        246
       127        127        322
       127        127        339
       128        128        176
       128        128        179
       128        128        360
       128        128        399
       128        128        425
       128        128        682
       128        128        777
       129        129        238
       129        129        357
       129        129        358
       129        129        896
       130        130         60
       130        130         85
       130        130        371
       130        130        387
       130        130        456
       131        131        371
       131        131        444
       131        131        494
       131        131        666
       132        132        318
       132        132        931
       132        132        952
       133        133         69
       133        133        829
       134        134        154
       134        134        226
       134        134        416
       134        134        494
       134        134        772
       134        134        884
       134        134        961
       135        135        545
       135        135        653
       136        136        124
       136        136        291
       136        136        306
       136        136        628
       136        136        734
       136        136        938
       137        137         47
       137        137        476
       137        137        544
       137        137        673
       137        137        807
       138        138        514
       138        138        623
       138        138        643
       139        139        527
       139        139        837
       139        139        859
       139        139        961
       140        140        213
       140        140        410
       140        140        738
       141        141         21
       141        141         62
       141        141         67
       141        141         87
       141        141        229
       141        141        371
       141        141        592
       141        141        767
       141        141        815
       141        141        827
       142        142        124
       142        142        221
       142        142        484
       143        143        855
       144        144         17
       144        144        119
       144        144        208
       144        144        764
       144        144        782
       145        145        300
       145        145        337
       145        145        429
       145        145        579
       146        146         68
       146        146        151
       146        146        383
       146        146        624
       146        146        682
       146        146        993
       147        147        559
       147        147        874
       148        148        924
       149        149        524
       150        150        137
       150        150        307
       150        150        492
       150        150        572
       150        150        707
       150        150        934
       150        150        949
       151        151        368
       151        151        416
       151        151        438
       151        151        682
       151        151        778
       152        152          8
       152        152        970
       153        153        628
       154        154         74
       154        154        235
       155        155        570
       155        155        710
       156        156        146
       156        156        316
       156        156        486
       156        156        507
       157        157         28
       157        157        209
       157        157        578
       157        157        806
       157        157        987
       158        158        402
       159        159        247
       159        159        623
       159        159        744
       160        160         20
       160        160         27
       160        160        813
       160        160        868
       160        160        912
       160        160        981
       161        161         78
       161        161        157
       161        161        511
       161        161        737
       162        162        111
       162        162        481
       162        162        778
       162        162        938
       163        163         56
       163        163        729
       163        163        951
       164        164         81
       164        164        289
       164        164        433
       164        164        806
       165        165         18
       165        165        118
       165        165        490
       165        165        553
       166        166        491
       166        166        674
       166        166        925
       167        167        648
       167        167        799
       168        168        117
       168        168        423
       168        168        820
       168        168        988
       169        169         36
       169        169         94
       169        169        670
       170        170        238
       170        170        282
       170        170        368
       170        170        673
       171        171        119
       171        171        830
       172        172        369
       172        172        398
       172        172        707
       172        172        888
       172        172        932
       173        173        364
       173        173        486
       173        173        863
       174        174          7
       174        174         51
       174        174        733
       174        174        745
       174        174        753
       174        174        782
       175        175        124
       175        175        154
       175        175        415
       175        175        416
       175        175        690
       175        175        858
       176        176        238
       176        176        339
       176        176        347
       176        176        796
       177        177        909
       177        177        970
       178        178        117
       178        178        132
       178        178        205
       178        178        490
       178        178        827
       178        178        868
       178        178        988
       179        179        222
       179        179        350
       180        180        214
       180        180        766
       180        180        992
       181        181        414
       181        181        808
       181        181        827
       181        181        959
       182        182        123
       182        182        388
       182        182        459
       182        182        811
       183        183         48
       183        183         62
       183        183         73
       183        183        154
       183        183        221
       183        183        613
       183        183        778
       183        183        996
       184        184        125
       184        184        150
       184        184        791
       185        185         87
       185        185        124
       185        185        293
       186        186        569
       186        186        883
       186        186        910
       187        187        227
       187        187        732
       188        188        132
       188        188        336
       188        188        557
       188        188        673
       188        188        959
       189        189        145
       189        189        838
       190        190        146
       190        190        316
       190        190        486
       190        190        507
       191        191         80
       191        191        112
       191        191        258
       191        191        432
       192        192        110
       192        192        782
       192        192        825
       193        193        443
       193        193        604
       194        194          6
       194        194        147
       194        194        339
       194        194        399
       195        195        486
       196        196        601
       197        197        142
       197        197        229
       198        198        410
       198        198        609
       198        198        709
       198        198        973
       199        199         43
       199        199        223
       200        200         73
       200        200        132
       200        200        191
       200        200        246
       200        200        545
       201        201        339
       202        202        136
       203        203        190
       203        203        258
       203        203        364
       203        203        941
       204        204        259
       205        205        316
       205        205        540
       205        205        871
       205        205        892
       206        206        491
       206        206        925
       206        206        934
       206        206        964
       206        206        996
       207        207        277
       207        207        477
       208        208        360
       208        208        524
       208        208        753
       208        208        952
       208        208        998
       209        209        412
       209        209        432
       209        209        820
       209        209        858
       209        209        938
       210        210        558
       210        210        837
       210        210        962
       210        210        999
       211        211        111
       211        211        117
       211        211        199
       212        212         17
       212        212        372
       213        213        328
       213        213        430
       213        213        578
       213        213        988
       214        214        203
       214        214        444
       214        214        909
       215        215        209
       216        216        382
       216        216        813
       217        217         15
       217        217         38
       217        217        319
       217        217        416
       217        217        676
       217        217        734
       217        217        981
       218        218        127
       218        218        733
       218        218        772
       218        218        784
       218        218        790
       218        218        912
       219        219        214
       219        219        395
       219        219        404
       219        219        460
       219        219        949
       220        220        163
       220        220        321
       220        220        676
       220        220        678
       220        220        740
       221        221        217
       221        221        222
       221        221        325
       221        221        825
       222        222        704
       222        222        744
       222        222        983
       223        223         43
       223        223         70
       223        223        173
       223        223        192
       223        223        544
       223        223        946
       224        224        160
       224        224        281
       224        224        606
       224        224        790
       224        224        946
       224        224        959
       225        225        387
       225        225        445
       225        225        631
       225        225        909
       226        226        190
       226        226        494
       227        227         62
       227        227        443
       227        227        507
       227        227        673
       227        227        863
       228        228        387
       228        228        425
       228        228        976
       229        229        338
       229        229        607
       229        229        631
       229        229        703
       230        230         60
       230        230        119
       230        230        132
       230        230        521
       230        230        647
       230        230        772
       231        231        662
       231        231        707
       232        232        409
       232        232        501
       232        232        815
       232        232        820
       233        233        300
       233        233        316
       233        233        837
       234        234        170
       234        234        201
       234        234        357
       234        234        954
       235        235        116
       235        235        368
       235        235        528
       235        235        538
       235        235        727
       236        236         98
       237        237        217
       237        237        521
       237        237        554
       237        237        993
       238        238        342
       238        238        373
       238        238        437
       238        238        707
       239        239        124
       239        239        473
       239        239        592
       239        239        601
       239        239        607
       239        239        614
       239        239        642
       240        240         26
       240        240        547
       241        241         34
       241        241         87
       241        241        416
       241        241        586
       241        241        599
       241        241        620
       242        242         29
       242        242        127
       242        242        219
       242        242        322
       242        242        391
       242        242        442
       242        242        444
       242        242        527
       243        243        238
       243        243        400
       243        243        903
       243        243        915
       244        244        283
       244        244        707
       244        244        828
       244        244        966
       245        245        221
       245        245        891
       245        245        912
       246        246        248
       246        246        261
       246        246        395
       246        246        714
       247        247         33
       247        247        229
       247        247        289
       247        247        398
       247        247        539
       248        248        493
       248        248        767
       248        248        874
       248        248        963
       249        249        197
       249        249        770
       249        249        991
       250        250         63
       250        250        123
       250        250        527
       250        250        592
       250        250        873
       251        251         80
       251        251        181
       251        251        330
       251        251        397
       251        251        946
       251        251        996
       252        252        147
       252        252        306
       252        252        439
       252        252        442
       253        253         21
       253        253         63
       253        253        173
       253        253        501
       253        253        575
       253        253        578
       253        253        809
       254        254         53
       254        254         93
       254        254        338
       254        254        459
       254        254        637
       255        255        280
       255        255        910
       256        256         60
       256        256        124
       256        256        240
       256        256        416
       257        257        124
       257        257        155
       257        257        904
       258        258        144
       258        258        293
       258        258        510
       258        258        860
       259        259        120
       259        259        353
       259        259        459
       259        259        611
       259        259        613
       260        260        745
       260        260        764
       260        260        902
       261        261         39
       261        261        169
       261        261        214
       261        261        287
       261        261        593
       261        261        778
       262        262        198
       262        262        314
       262        262        409
       262        262        589
       263        263         69
       263        263        682
       263        263        709
       263        263        744
       263        263        858
       264        264         49
       264        264        649
       264        264        879
       264        264        890
       264        264        902
       264        264        915
       264        264        988
       265        265        830
       266        266         33
       266        266        559
       266        266        585
       267        267        992
       268        268        306
       268        268        480
       268        268        500
       269        269          5
       269        269         36
       269        269        253
       270        270        461
       270        270        881
       270        270        950
       271        271         38
       271        271        132
       271        271        258
       271        271        806
       272        272        322
       272        272        472
       272        272        542
       272        272        800
       272        272        907
       273        273        112
       273        273        440
       273        273        540
       273        273        668
       274        274         36
       274        274        214
       274        274        644
       274        274        686
       274        274        740
       275        275        524
       276        276        150
       276        276        828
       277        277         61
       277        277        220
       277        277        221
       277        277        377
       277        277        565
       277        277        673
       277        277        687
       277        277        747
       278        278        868
       279        279        321
       279        279        360
       279        279        821
       279        279        999
       280        280        233
       280        280        399
       281        281         14
       281        281        302
       281        281        377
       281        281        444
       281        281        634
       281        281        757
       281        281        924
       282        282        127
       282        282        402
       282        282        405
       282        282        988
       283        283        832
       284        284        911
       285        285         43
       285        285        291
       285        285        416
       285        285        500
       285        285        699
       285        285        939
       285        285        973
       286        286         48
       286        286        213
       286        286        246
       287        287        441
       287        287        709
       287        287        799
       287        287        973
       288        288        124
       288        288        240
       288        288        416
       289        289        743
       290        290        420
       290        290        800
       291        291        209
       291        291        297
       291        291        687
       291        291        876
       291        291        929
       292        292        456
       292        292        652
       293        293        955
       294        294         66
       294        294        123
       294        294        300
       294        294        753
       294        294        767
       294        294        808
       295        295         63
       295        295        100
       295        295        170
       295        295        178
       295        295        247
       295        295        527
       295        295        589
       295        295        649
       295        295        946
       296        296        109
       296        296        112
       296        296        118
       296        296        586
       296        296        709
       296        296        710
       297        297         73
       297        297        381
       297        297        707
       297        297        901
       298        298        318
       298        298        619
       298        298        643
       299        299         51
       299        299        144
       299        299        859
       299        299        941
       300        300        336
       300        300        973
       301        301         11
       301        301        250
       301        301        291
       301        301        373
       301        301        821
       301        301        901
       301        301        960
       302        302          8
       302        302        599
       302        302        747
       302        302        764
       303        303         38
       303        303        589
       303        303        610
       303        303        674
       303        303        850
       303        303        994
       304        304        132
       304        304        216
       304        304        379
       304        304        518
       304        304        540
       304        304        554
       305        305        829
       306        306        442
       306        306        614
       306        306        988
       307        307        889
       308        308        361
       308        308        437
       308        308        527
       308        308        903
       309        309         63
       309        309        126
       309        309        146
       309        309        511
       309        309        829
       310        310        119
       310        310        354
       310        310        428
       310        310        480
       310        310        764
       310        310        782
       311        311        247
       311        311        306
       311        311        827
       312        312        360
       312        312        395
       312        312        404
       312        312        990
       313        313        274
       313        313        378
       313        313        511
       313        313        561
       313        313        861
       313        313        962
       314        314        153
       314        314        168
       314        314        300
       314        314        592
       314        314        898
       315        315        416
       315        315        620
       315        315        874
       316        316        132
       316        316        243
       316        316        446
       316        316        501
       317        317        673
       317        317        813
       317        317        877
       317        317        996
       318        318        117
       318        318        214
       318        318        552
       319        319          3
       319        319         39
       319        319         86
       319        319        124
       319        319        423
       319        319        806
       320        320        371
       320        320        480
       320        320        806
       321        321        155
       321        321        299
       322        322        235
       323        323         60
       323        323        405
       323        323        621
       323        323        770
       323        323        780
       323        323        959
       324        324        148
       324        324        330
       324        324        738
       324        324        988
       324        324        993
       325        325        242
       325        325        412
       326        326        221
       326        326        950
       327        327        497
       327        327        502
       327        327        578
       327        327        627
       327        327        709
       327        327        764
       328        328         11
       328        328         52
       328        328        197
       328        328        924
       329        329         17
       329        329        193
       329        329        399
       329        329        616
       330        330        595
       330        330        964
       331        331        485
       331        331        723
       332        332        148
       332        332        446
       332        332        545
       333        333        733
       333        333        786
       333        333        993
       334        334        217
       334        334        300
       334        334        917
       335        335         70
       335        335        142
       335        335        221
       335        335        387
       335        335        388
       335        335        412
       335        335        598
       335        335        803
       335        335        946
       336        336         89
       336        336        231
       336        336        405
       336        336        690
       337        337        124
       337        337        131
       337        337        425
       337        337        676
       337        337        992
       338        338        117
       338        338        340
       338        338        471
       338        338        684
       339        339         14
       339        339        209
       339        339        222
       339        339        838
       339        339        868
       340        340        284
       340        340        553
       340        340        983
       341        341        168
       341        341        756
       342        342         67
       342        342         69
       342        342        140
       342        342        629
       343        343         33
       343        343         73
       343        343        157
       343        343        182
       344        344         59
       344        344         68
       344        344        619
       344        344        656
       344        344        697
       345        345         71
       345        345        238
       345        345        403
       345        345        607
       345        345        638
       345        345        747
       346        346         45
       346        346        423
       346        346        463
       346        346        666
       346        346        868
       346        346        914
       347        347         84
       347        347        274
       347        347        331
       348        348        486
       348        348        579
       349        349        833
       350        350        325
       350        350        865
       351        351         33
       351        351        570
       351        351        616
       351        351        658
       351        351        852
       351        351        909
       352        352         63
       352        352         83
       352        352        646
       352        352        820
       353        353         43
       353        353        634
       353        353        669
       353        353        707
       353        353        863
       354        354         51
       354        354        412
       354        354        446
       354        354        490
       354        354        670
       354        354        902
       355        355        155
       355        355        238
       355        355        282
       355        355        501
       355        355        541
       356        356        201
       356        356        222
       356        356        293
       357        357         18
       357        357        688
       358        358        437
       358        358        442
       358        358        981
       359        359        222
       359        359        761
       359        359        815
       359        359        874
       360        360        119
       360        360        246
       360        360        335
       360        360        495
       360        360        545
       360        360        926
       361        361        167
       361        361        477
       361        361        733
       361        361        902
       362        362        259
       362        362        372
       362        362        595
       362        362        643
       363        363        543
       363        363        544
       363        363        809
       363        363        837
       363        363        891
       363        363        955
       364        364         45
       364        364        437
       364        364        518
       364        364        631
       364        364        838
       365        365         69
       365        365        201
       365        365        266
       365        365        495
       365        365        737
       365        365        874
       366        366        326
       366        366        403
       366        366        673
       366        366        756
       366        366        852
       366        366        867
       367        367        662
       368        368        172
       369        369         15
       370        370        118
       370        370        198
       370        370        518
       370        370        969
       371        371         11
       371        371        170
       371        371        430
       371        371        444
       371        371        740
       371        371        909
       371        371        950
       372        372         68
       372        372        209
       372        372        233
       372        372        344
       372        372        436
       372        372        455
       372        372        486
       372        372        495
       372        372        607
       372        372        992
       373        373        155
       373        373        169
       373        373        463
       373        373        530
       373        373        903
       374        374        735
       375        375         39
       375        375        339
       376        376         78
       376        376        640
       376        376        778
       377        377         27
       377        377        314
       377        377        330
       377        377        571
       377        377        886
       378        378         29
       378        378        146
       378        378        193
       378        378        930
       379        379        281
       379        379        575
       379        379        874
       379        379        995
       380        380         48
       380        380        138
       380        380        524
       381        381         71
       381        381         87
       381        381        159
       381        381        217
       381        381        430
       381        381        559
       381        381        915
       382        382        100
       382        382        221
       382        382        319
       382        382        385
       382        382        500
       382        382        532
       382        382        645
       383        383         39
       383        383        558
       383        383        656
       384        384         23
       384        384        311
       384        384        832
       384        384        839
       385        385        397
       385        385        871
       386        386        380
       386        386        988
       387        387        238
       387        387        282
       387        387        368
       387        387        673
       388        388         36
       388        388        137
       388        388        603
       388        388        820
       389        389         93
       389        389        175
       389        389        182
       389        389        281
       390        390        200
       390        390        227
       390        390        328
       390        390        388
       391        391        561
       391        391        580
       391        391        963
       392        392         11
       392        392        101
       392        392        416
       392        392        753
       393        393        108
       393        393        241
       393        393        584
       394        394        119
       394        394        722
       394        394        894
       394        394        914
       395        395        247
       395        395        274
       395        395        414
       395        395        566
       396        396        612
       396        396        729
       396        396        738
       397        397        531
       398        398         63
       398        398         87
       398        398        189
       398        398        272
       398        398        289
       399        399        233
       399        399        293
       399        399        472
       399        399        539
       400        400        511
       400        400        723
       400        400        942
       400        400        946
       401        401        178
       401        401        416
       401        401        534
       402        402        124
       403        403        444
       403        403        522
       403        403        764
       403        403        807
       403        403        959
       403        403        973
       404        404         43
       404        404         63
       404        404        209
       404        404        491
       404        404        571
       404        404        676
       405        405         53
       405        405        409
       405        405        973
       406        406         47
       406        406         66
       406        406        109
       406        406        399
       406        406        859
       407        407        604
       407        407        656
       407        407        849
       407        407        988
       408        408         81
       408        408        224
       408        408        529
       408        408        709
       408        408        908
       409        409        430
       409        409        487
       409        409        607
       409        409        682
       409        409        729
       409        409        820
       409        409        839
       410        410         38
       410        410        692
       410        410        763
       411        411        140
       411        411        159
       411        411        179
       411        411        198
       411        411        283
       411        411        289
       411        411        521
       411        411        571
       411        411        652
       412        412        131
       412        412        337
       412        412        442
       412        412        707
       412        412        830
       412        412        993
       413        413        684
       413        413        850
       414        414         55
       414        414        255
       414        414        291
       414        414        480
       414        414        490
       414        414        659
       414        414        818
       414        414        921
       415        415         87
       415        415        300
       415        415        883
       415        415        889
       416        416        132
       416        416        168
       416        416        222
       416        416        517
       416        416        761
       416        416        988
       417        417        260
       417        417        709
       418        418         67
       418        418        140
       418        418        657
       419        419         47
       419        419        240
       419        419        487
       419        419        778
       419        419        791
       420        420        228
       420        420        247
       420        420        571
       420        420        868
       420        420        871
       421        421        430
       421        421        480
       421        421        571
       422        422        205
       422        422        629
       422        422        827
       422        422        839
       422        422        934
       423        423         17
       423        423         60
       423        423        193
       423        423        424
       424        424         87
       424        424        221
       424        424        248
       425        425        124
       425        425        131
       425        425        425
       425        425        676
       425        425        992
       426        426        184
       427        427        751
       428        428        332
       428        428        707
       428        428        855
       429        429        710
       430        430        463
       430        430        734
       430        430        870
       431        431        204
       431        431        418
       431        431        800
       432        432        795
       433        433         43
       433        433        493
       433        433        849
       434        434         17
       434        434        158
       434        434        459
       434        434        684
       435        435        137
       435        435        444
       435        435        628
       435        435        740
       436        436        150
       436        436        436
       436        436        854
       437        437        620
       437        437        709
       437        437        747
       437        437        834
       438        438        291
       438        438        628
       438        438        688
       439        439         85
       439        439        167
       439        439        477
       439        439        733
       439        439        970
       440        440        282
       440        440        800
       441        441         23
       441        441        155
       441        441        299
       442        442        191
       442        442        318
       443        443        447
       443        443        456
       443        443        692
       443        443        934
       443        443        994
       444        444        124
       444        444        601
       444        444        733
       445        445        524
       446        446        167
       446        446        266
       446        446        430
       446        446        595
       446        446        662
       447        447        432
       447        447        592
       447        447        747
       447        447        817
       447        447        832
       447        447        927
       448        448        226
       448        448        425
       448        448        797
       449        449        235
       449        449        439
       449        449        442
       449        449        559
       449        449        965
       450        450         74
       450        450        613
       450        450        687
       450        450        908
       450        450        962
       451        451         28
       451        451         38
       451        451        387
       451        451        549
       451        451        744
       452        452        461
       452        452        511
       452        452        723
       453        453        413
       453        453        874
       454        454        146
       454        454        335
       454        454        429
       455        455          0
       455        455         29
       455        455         52
       455        455        335
       455        455        798
       456        456         95
       456        456        207
       456        456        495
       456        456        697
       456        456        800
       457        457         61
       457        457        192
       457        457        222
       457        457        273
       457        457        423
       457        457        428
       457        457        722
       457        457        807
       458        458         20
       458        458        540
       458        458        571
       458        458        607
       458        458        634
       458        458        674
       458        458        776
       458        458        974
       459        459        179
       459        459        221
       459        459        919
       460        460        571
       460        460        767
       460        460        876
       461        461         25
       461        461        666
       461        461        813
       462        462        193
       462        462        813
       462        462        953
       463        463        699
       463        463        721
       464        464         47
       464        464         48
       465        465        432
       465        465        561
       466        466         47
       466        466        148
       466        466        542
       466        466        553
       466        466        832
       467        467         56
       467        467        293
       467        467        729
       468        468         26
       468        468        108
       468        468        277
       468        468        314
       468        468        346
       468        468        849
       468        468        904
       469        469        335
       470        470         47
       470        470        191
       470        470        217
       470        470        334
       470        470        930
       471        471        291
       471        471        414
       471        471        709
       471        471        797
       472        472        480
       472        472        539
       472        472        910
       472        472        994
       473        473        124
       473        473        291
       473        473        306
       473        473        628
       473        473        734
       473        473        938
       474        474        188
       474        474        442
       474        474        493
       475        475        132
       475        475        146
       476        476        138
       476        476        259
       476        476        335
       476        476        883
       477        477        612
       477        477        780
       478        478         36
       478        478        712
       479        479        209
       479        479        234
       479        479        320
       479        479        321
       479        479        463
       479        479        711
       480        480        116
       480        480        139
       480        480        220
       480        480        682
       481        481        147
       481        481        586
       481        481        778
       481        481        855
       481        481        885
       482        482        306
       482        482        613
       482        482        644
       482        482        665
       483        483         81
       483        483        188
       483        483        321
       483        483        356
       483        483        662
       483        483        855
       483        483        901
       484        484        353
       484        484        471
       484        484        950
       485        485        119
       485        485        179
       485        485        317
       485        485        707
       486        486        518
       486        486        544
       486        486        646
       486        486        734
       487        487        477
       487        487        656
       488        488        195
       488        488        538
       488        488        914
       489        489        145
       489        489        351
       489        489        963
       490        490        151
       490        490        353
       490        490        570
       490        490        852
       490        490        859
       490        490        861
       491        491        493
       491        491        732
       492        492         57
       492        492         78
       492        492        124
       492        492        209
       492        492        238
       492        492        521
       492        492        604
       492        492        825
       493        493        246
       493        493        521
       493        493        594
       494        494         11
       494        494        250
       494        494        373
       494        494        901
       494        494        960
       495        495        209
       495        495        463
       495        495        668
       496        496        132
       496        496        486
       496        496        492
       496        496        704
       496        496        821
       497        497        173
       497        497        360
       498        498        142
       498        498        238
       498        498        277
       498        498        799
       498        498        831
       499        499        285
       499        499        322
       499        499        467
       499        499        559
       499        499        601
       499        499        772
       499        499        836
       500        500         40
       500        500        129
       500        500        259
       500        500        521
       500        500        789
       500        500        893
       500        500        920
       500        500        961
       501        501         59
       501        501        357
       501        501        673
       502        502        959
       503        503         43
       503        503        219
       503        503        318
       503        503        582
       504        504        575
       504        504        628
       504        504        710
       504        504        733
       505        505        258
       505        505        575
       505        505        612
       505        505        905
       506        506         41
       506        506        154
       506        506        233
       506        506        631
       507        507        234
       507        507        316
       507        507        517
       507        507        808
       507        507        811
       507        507        826
       508        508        360
       508        508        536
       509        509        138
       509        509        213
       509        509        578
       509        509        828
       510        510        410
       510        510        959
       510        510        986
       511        511          9
       511        511        628
       511        511        874
       512        512        593
       513        513        137
       513        513        374
       513        513        801
       513        513        861
       514        514        360
       514        514        570
       515        515        540
       515        515        628
       516        516        397
       516        516        871
       517        517         63
       517        517        586
       517        517        722
       517        517        859
       518        518        674
       518        518        931
       519        519         39
       519        519         55
       519        519        402
       519        519        784
       519        519        800
       519        519        838
       519        519        987
       520        520         63
       520        520         97
       520        520        111
       520        520        118
       520        520        335
       520        520        360
       520        520        425
       521        521         33
       521        521        299
       521        521        553
       521        521        930
       521        521        994
       522        522         47
       522        522        335
       523        523        123
       523        523        447
       523        523        559
       523        523        579
       523        523        743
       523        523        821
       523        523        879
       524        524        140
       524        524        416
       524        524        750
       524        524        907
       524        524        917
       525        525        124
       526        526         93
       526        526        144
       526        526        764
       527        527        595
       528        528        707
       529        529         62
       529        529        674
       530        530        808
       531        531        178
       531        531        493
       531        531        599
       532        532         20
       532        532        107
       532        532        213
       532        532        807
       532        532        870
       533        533         39
       533        533         51
       533        533        398
       533        533        416
       533        533        432
       533        533        795
       534        534        149
       535        535        826
       535        535        896
       536        536        994
       537        537        291
       537        537        575
       537        537        941
       538        538        198
       539        539         71
       539        539        437
       539        539        480
       540        540        233
       540        540        384
       540        540        996
       541        541         95
       541        541        477
       541        541        733
