         1          1          3
         1          1         12
         1          1         15
         1          1         18
         1          1         23
         1          1         26
         2          2          9
         2          2         11
         2          2         14
         2          2         17
         2          2         19
         2          2         21
         2          2         23
         3          3          3
         3          3         14
         4          4          9
         4          4         10
         4          4         12
         4          4         14
         4          4         17
         5          5         14
         5          5         29
         6          6          3
         6          6         11
         6          6         25
         7          7          3
         7          7         14
         7          7         15
         7          7         23
         8          8          1
         8          8          3
         8          8          6
         8          8          9
         8          8         11
         8          8         23
         9          9          9
         9          9         27
         9          9         28
        10         10          4
        10         10         17
        10         10         29
        11         11          9
        12         12          5
        12         12         11
        12         12         21
        13         13          3
        14         14         11
        14         14         16
        14         14         25
        15         15          7
        15         15          8
        15         15         11
        15         15         12
        16         16          3
        16         16          5
        16         16         26
        17         17          3
        17         17         11
        17         17         17
        17         17         20
        17         17         29
