         1          1          2
         1          1          9
         1          1         11
         1          1         14
         1          1         17
         2          2          8
         2          2         10
         2          2         11
         2          2         12
         2          2         14
         3          3          3
         3          3         10
         4          4          8
         4          4          9
         4          4         10
         4          4         11
         5          5         11
         5          5         19
         6          6          3
         6          6          9
         6          6         16
         7          7          1
         7          7         11
         7          7         14
         8          8          0
         8          8          4
         8          8          8
         8          8          9
         8          8         14
         9          9          8
         9          9         17
        10         10          3
        10         10         11
        10         10         18
        10         10         19
        11         11          8
        12         12          3
        12         12          9
        12         12         13
        13         13          3
        14         14          8
        14         14          9
        14         14         11
        14         14         15
        15         15          5
        15         15          6
        15         15          9
        16         16          3
        16         16          4
        16         16         17
        17         17          3
        17         17          8
        17         17         11
        17         17         13
        17         17         18
