         1          1          6
         1          1         47
         1          1         55
         1          1         63
         1          1         78
         1          1         83
         2          2         36
         2          2         38
         2          2         49
         2          2         63
         2          2         67
         2          2         69
         2          2         74
         3          3          8
         3          3         50
         4          4         36
         4          4         38
         4          4         45
         4          4         51
         4          4         52
         4          4         61
         4          4         62
         4          4         63
         5          5          0
         5          5         52
         5          5         94
         6          6          7
         6          6         42
         6          6         81
         7          7          6
         7          7         53
         7          7         55
         7          7         78
         8          8          4
         8          8         17
         8          8         36
         8          8         39
         8          8         41
         8          8         73
         9          9         35
         9          9         85
         9          9         87
        10         10         11
        10         10         63
        10         10         93
        10         10         97
        11         11          9
        11         11         35
        12         12         11
        12         12         18
        12         12         63
        12         12         81
        13         13         42
        14         14         39
        14         14         40
        14         14         43
        14         14         59
        14         14         80
        15         15          7
        15         15         14
        15         15         21
        15         15         25
        15         15         40
        15         15         83
        15         15         85
        16         16          8
        16         16         10
        16         16         38
        16         16         60
        16         16         69
        16         16         93
        17         17          8
        17         17         17
        17         17         36
        17         17         38
        17         17         43
        17         17         63
        18         18         83
        19         19          8
        19         19         38
        20         20          5
        20         20         73
        21         21         85
        22         22          8
        22         22         38
        22         22         57
        22         22         62
        23         23          0
        23         23          7
        23         23         12
        23         23         86
        23         23         91
        24         24         63
        25         25         50
        26         26         42
        26         26         85
        27         27         11
        27         27         23
        27         27         26
        27         27         29
        27         27         92
        28         28          0
        28         28          4
        28         28         14
        28         28         20
        28         28         26
        28         28         63
        29         29         11
        30         30         42
        30         30         62
        31         31         13
        31         31         72
        31         31         96
        32         32         17
        32         32         38
        32         32         80
        32         32         83
        32         32         84
        33         33         18
        33         33         48
        33         33         71
        34         34          6
        34         34         19
        34         34         25
        34         34         33
        34         34         62
        34         34         75
        35         35         11
        35         35         12
        35         35         21
        35         35         62
        35         35         63
        35         35         71
        35         35         83
        35         35         87
        36         36         11
        36         36         14
        36         36         18
        36         36         61
        36         36         68
        36         36         81
        37         37          3
        37         37         21
        37         37         89
        38         38         38
        38         38         40
        38         38         60
        39         39         11
        39         39         13
        39         39         74
        40         40          0
        40         40         11
        40         40         80
        41         41         23
        41         41         69
        41         41         79
        41         41         87
        42         42         39
        42         42         67
        43         43          5
        43         43         40
        43         43         57
        43         43         70
        44         44          7
        44         44         17
        44         44         28
        44         44         32
        44         44         38
        44         44         43
        44         44         52
        44         44         61
        45         45          3
        45         45         47
        46         46          7
        46         46         85
        46         46         93
        47         47         74
        47         47         93
        48         48         36
        48         48         72
        49         49         43
        49         49         45
        49         49         69
        49         49         89
        50         50          3
        50         50         29
        50         50         78
        50         50         95
        51         51         17
        51         51         38
        51         51         40
        51         51         74
        51         51         93
        52         52          0
        52         52         28
        52         52         65
        52         52         71
        52         52         89
        53         53         71
        53         53         72
        53         53         87
        53         53         96
        54         54         80
        55         55         12
        55         55         48
        55         55         61
        55         55         87
        56         56          3
        56         56         15
        57         57          3
        57         57         33
        57         57         47
        57         57         74
        57         57         86
        58         58         69
        59         59         31
        59         59         83
        60         60         18
        60         60         47
        60         60         69
        61         61         21
        61         61         33
        61         61         43
        61         61         48
        61         61         69
        61         61         81
        61         61         83
        62         62         43
        62         62         45
        62         62         48
        62         62         73
        62         62         78
        62         62         83
        63         63         17
        63         63         33
        63         63         36
        63         63         61
        63         63         83
        64         64         52
        65         65          3
        65         65         36
        65         65         63
        65         65         86
        66         66         26
        66         66         40
        66         66         61
        66         66         62
        67         67          5
        67         67         35
        67         67         38
        67         67         43
        67         67         61
        67         67         63
        67         67         77
        68         68         63
        68         68         85
        69         69          6
        69         69         51
        69         69         66
        70         70         28
